LOW 0 EXP
[
    (400, 73, -254.6, -0.2, 2.4, 0.1, 0, -0.6, 0, -0.5, -0.6, 0),
    (450, 82, -235.1, -0.2, 2.7, 0.1, 0.1, -0.5, 0.1, -0.4, -0.5, 0.1),
    (500, 92, -215.5, -0.2, 3, 0.1, 0.3, -0.4, 0.2, -0.3, -0.4, 0.2),
    (550, 101, -195.9, -0.2, 3.4, 0.1, 0.4, -0.3, 0.3, -0.2, -0.3, 0.4),
    (600, 111, -176.3, -0.2, 3.7, 0.1, 0.6, -0.2, 0.4, -0.1, -0.2, 0.5),
    (650, 120, -156.7, -0.2, 4, 0.1, 0.7, -0.1, 0.5, 0, -0.1, 0.6),
    (700, 130, -148.5, -0.2, 4.3, 0.1, 0.7, -0.1, 0.5, 0, -0.1, 0.6),
    (750, 140, -140.2, -0.2, 4.6, 0.1, 0.7, -0.2, 0.5, 0, -0.1, 0.6),
    (800, 150, -132, -0.2, 5, 0.2, 0.8, -0.2, 0.5, 0, -0.2, 0.6),
    (850, 159, -123.7, -0.2, 5.3, 0.2, 0.8, -0.2, 0.5, 0, -0.2, 0.7),
    (900, 169, -115.5, -0.2, 5.6, 0.2, 0.8, -0.3, 0.5, 0, -0.2, 0.7),
    (950, 179, -107.2, -0.2, 5.9, 0.2, 0.8, -0.3, 0.5, 0, -0.2, 0.7),
    (1000, 190, -101.9, -0.2, 6.3, 0.2, 0.8, -0.3, 0.5, 0, -0.2, 0.7),
    (1050, 201, -97.4, -0.2, 6.6, 0.2, 0.7, -0.5, 0.3, -0.2, -0.4, 0.6),
    (1100, 211, -93, -0.2, 7, 0.2, 0.5, -0.7, 0.2, -0.3, -0.6, 0.4),
    (1150, 222, -88.6, -0.2, 7.3, 0.2, 0.4, -0.9, 0, -0.5, -0.8, 0.3),
    (1200, 233, -86.6, -0.2, 7.6, 0.2, 0.6, -0.8, 0.1, -0.4, -0.7, 0.4),
    (1250, 244, -84.7, -0.2, 8, 0.2, 0.8, -0.8, 0.2, -0.2, -0.6, 0.6),
    (1300, 255, -82.7, -0.2, 8.4, 0.3, 0.9, -0.7, 0.4, -0.1, -0.5, 0.8),
    (1350, 266, -80.8, -0.2, 8.7, 0.3, 1.1, -0.6, 0.5, 0, -0.4, 0.9),
    (1400, 278, -78.6, -0.2, 9.1, 0.3, 1.1, -0.6, 0.5, 0, -0.4, 0.9),
    (1450, 289, -76.7, -0.2, 9.4, 0.3, 0.7, -1.1, 0, -0.5, -0.9, 0.4),
    (1500, 302, -75, -0.2, 9.8, 0.3, 0.8, -1.2, 0, -0.5, -1.2, 0.4),
    (1550, 314, -73.3, -0.2, 10.2, 0.3, 0.8, -1.2, 0, -0.5, -1.4, 0.5),
    (1600, 327, -71.6, -0.2, 10.6, 0.3, 0.9, -1.3, 0, -0.5, -1.4, 0.7),
    (1650, 339, -69.8, -0.2, 11, 0.3, 0.9, -1.3, 0, -0.5, -1.5, 0.8),
    (1700, 352, -68.1, -0.2, 11.4, 0.3, 1, -1.4, 0, -0.5, -1.5, 1),
    (1750, 366, -58.2, -0.2, 11.8, 0.4, 1, -1.4, 0, -0.5, -1.5, 1.1),
    (1800, 380, -66.5, -0.3, 12.2, 0.4, 1.1, -1.5, 0, -0.5, -1.6, 1.1),
    (1850, 394, -65.6, -0.3, 12.6, 0.4, 1.6, -1.1, 0.5, 0, -1.1, 1.6),
    (1900, 409, -65.3, -0.3, 13.1, 0.4, 1.2, -1.6, 0, -0.5, -1.6, 1.2),
    (1950, 424, -64.6, -0.4, 13.5, 0.4, 1.8, -1.7, 0.5, 0, -1.2, 1.6),
    (2000, 440, -63.9, -0.4, 14, 0.4, 1.8, -2.2, 0, -0.5, -1.7, 1.2),
    (2050, 457, -64.5, -0.4, 14.5, 0.5, 1.9, -2.3, 0, -0.5, -1.7, 1.3),
    (2100, 475, -65.2, -0.5, 15, 0.5, 2.4, -1.9, 0.4, 0, -1.8, 2.2),
    (2150, 493, -64.3, -0.5, 15.5, 0.5, 2.5, -2, 0.4, 0, -1.8, 2.2),
    (2200, 513, -65.7, -0.5, 16.1, 0.5, 2.6, -2.1, 0.4, 0, -1.8, 2.2),
    (2250, 534, -67.3, -0.6, 16.7, 0.5, 2.7, -2.2, 0.4, 0, -1.9, 2.2),
    (2300, 558, -69.7, -0.7, 17.3, 0.5, 2.4, -2.7, 0, -0.4, -2.3, 1.9),
    (2350, 583, -72.9, -0.8, 18, 0.6, 2.9, -2.4, 0.4, 0, -1.9, 2.3),
    (2400, 613, -77.5, -0.9, 18.8, 0.6, 3, -2.5, 0.4, 0, -2.4, 2.7),
    (2450, 649, -85.7, -1.1, 19.7, 0.6, 2.8, -3, 0, -0.4, -2.8, 2.3),
    (2500, 697, -102.1, -1.5, 20.9, 0.7, 3.7, -3.2, 0.7, -0.4, -2.4, 2.7),
]

LOW 1 EXP
[
    (300, 41, -339.5, -0.1, 1.6, 0, 0, 0, 0, -0.6, 0, 0),
    (350, 48, -320.7, -0.1, 1.9, 0, 0, -0.1, 0, -0.6, -0.1, 0),
    (400, 55, -301.8, -0.1, 2.1, 0, 0, -0.1, 0, -0.6, -0.1, 0),
    (450, 62, -282.9, -0.1, 2.4, 0, 0.1, -0.2, 0, -0.6, -0.2, 0.1),
    (500, 69, -264.1, -0.1, 2.7, 0, 0.1, -0.3, 0, -0.6, -0.3, 0.1),
    (550, 76, -245.2, -0.1, 2.9, 0, 0.1, -0.3, 0, -0.6, -0.3, 0.1),
    (600, 82, -226.4, -0.1, 3.2, 0.1, 0.1, -0.4, 0, -0.6, -0.4, 0.1),
    (650, 89, -207.5, -0.1, 3.5, 0.1, 0.1, -0.5, 0, -0.6, -0.5, 0.1),
    (700, 96, -188.6, -0.1, 3.7, 0.1, 0.1, -0.5, 0, -0.6, -0.5, 0.1),
    (750, 103, -169.8, -0.1, 4, 0.1, 0.2, -0.6, 0, -0.6, -0.6, 0.2),
    (800, 110, -150.9, -0.1, 4.3, 0.1, 0.2, -0.7, 0, -0.6, -0.7, 0.2),
    (850, 117, -132, -0.1, 4.5, 0.1, 0.2, -0.7, 0, -0.6, -0.7, 0.2),
    (900, 124, -113.2, -0.1, 4.8, 0.1, 0.2, -0.8, 0, -0.6, -0.8, 0.2),
    (950, 131, -108, -0.1, 5.1, 0.1, 0.4, -0.7, 0.2, -0.4, -0.6, 0.4),
    (1000, 138, -102.9, -0.1, 5.4, 0.2, 0.6, -0.6, 0.3, -0.3, -0.5, 0.5),
    (1050, 146, -97.7, -0.1, 5.6, 0.2, 0.7, -0.4, 0.4, -0.1, -0.4, 0.7),
    (1100, 153, -92.6, -0.1, 5.9, 0.2, 0.9, -0.3, 0.6, 0, -0.2, 0.8),
    (1150, 161, -89.8, -0.1, 6.2, 0.2, 0.8, -0.5, 0.4, -0.2, -0.4, 0.7),
    (1200, 168, -87, -0.1, 6.4, 0.2, 0.7, -0.6, 0.3, -0.3, -0.6, 0.6),
    (1250, 176, -84.3, -0.1, 6.7, 0.2, 0.6, -0.8, 0.1, -0.4, -0.7, 0.4),
    (1300, 184, -81.5, -0.1, 7, 0.2, 0.5, -1, 0, -0.6, -0.9, 0.3),
    (1350, 192, -78.4, -0.1, 7.3, 0.2, 0.5, -1, 0, -0.6, -1, 0.4),
    (1400, 200, -75.3, -0.1, 7.6, 0.2, 0.5, -1.1, 0, -0.6, -1, 0.4),
    (1450, 208, -70.2, -0.1, 7.9, 0.2, 1.2, -0.5, 0.6, 0, -0.4, 1),
    (1500, 216, -68, -0.1, 8.2, 0.2, 1, -0.8, 0.3, -0.3, -0.8, 0.8),
    (1550, 224, -65.7, -0.1, 8.5, 0.3, 0.7, -1.2, 0, -0.6, -1.1, 0.5),
    (1600, 233, -63.8, -0.2, 8.8, 0.3, 0.7, -1.2, 0, -0.6, -1.3, 0.7),
    (1650, 241, -61.8, -0.2, 9.2, 0.3, 0.8, -1.3, 0, -0.6, -1.5, 0.9),
    (1700, 250, -59.9, -0.2, 9.5, 0.3, 0.8, -1.3, 0, -0.6, -1.7, 1.1),
    (1750, 258, -60.8, -0.2, 9.8, 0.3, 0.8, -1.4, 0, -0.6, -1.8, 1.2),
    (1800, 267, -61.6, -0.2, 10.1, 0.3, 0.9, -1.4, 0, -0.6, -1.8, 1.2),
    (1850, 276, -55.1, -0.2, 10.4, 0.3, 0.9, -1.5, 0, -0.6, -1.8, 1.2),
    (1900, 284, -58.1, -0.2, 10.7, 0.3, 1, -1.5, 0, -0.6, -1.8, 1.2),
    (1950, 294, -57.2, -0.2, 11.1, 0.3, 1.6, -1, 0.6, 0, -1.3, 1.8),
    (2000, 303, -56.4, -0.2, 11.4, 0.3, 1.1, -1.6, 0, -0.6, -1.9, 1.3),
    (2050, 312, -55.2, -0.2, 11.8, 0.4, 1.7, -1.1, 0.6, 0, -1.4, 1.9),
    (2100, 322, -54.5, -0.2, 12.1, 0.4, 1.2, -1.7, 0, -0.6, -2, 1.4),
    (2150, 332, -53.3, -0.2, 12.5, 0.4, 1.9, -1.2, 0.5, 0, -1.5, 2),
    (2200, 342, -52.7, -0.2, 12.8, 0.4, 1.4, -1.8, 0, -0.5, -2, 1.5),
    (2250, 352, -52.2, -0.2, 13.2, 0.4, 1.4, -1.9, 0, -0.5, -2.1, 1.5),
    (2300, 363, -51.7, -0.2, 13.5, 0.4, 2, -2.5, 0, -0.5, -2.1, 1.5),
    (2350, 373, -51.3, -0.3, 13.9, 0.4, 2.1, -2.6, 0, -0.5, -2.7, 2.1),
    (2400, 384, -50, -0.3, 14.3, 0.4, 2.7, -2.1, 0.5, 0, -2.2, 2.7),
    (2450, 395, -50.2, -0.3, 14.6, 0.4, 2.3, -2.7, 0, -0.5, -2.7, 2.2),
    (2500, 407, -49.8, -0.3, 15.1, 0.5, 2.3, -2.8, 0, -0.5, -2.8, 2.2),
    (2550, 419, -49.1, -0.3, 15.5, 0.5, 2.9, -2.3, 0.5, 0, -2.3, 2.8),
    (2600, 431, -48.8, -0.3, 15.9, 0.5, 2.5, -2.9, 0, -0.5, -2.9, 2.3),
    (2650, 443, -48.7, -0.3, 16.3, 0.5, 3.1, -2.5, 0.5, 0, -2.4, 2.8),
    (2700, 457, -49.6, -0.4, 16.8, 0.5, 3.2, -2.6, 0.5, 0, -2.9, 2.9),
    (2750, 471, -50, -0.4, 17.2, 0.5, 3.3, -2.7, 0.5, 0, -3, 3.4),
    (2800, 485, -50.4, -0.4, 17.7, 0.5, 2.9, -3.3, 0, -0.5, -3.5, 3),
    (2850, 500, -49.9, -0.5, 18.2, 0.6, 3.5, -2.9, 0.5, 0, -3.1, 3.5),
    (2900, 516, -50.9, -0.5, 18.7, 0.6, 3.1, -3.4, 0, -0.5, -3.6, 3),
    (2950, 533, -51, -0.5, 19.2, 0.6, 3.2, -3.5, 0, -0.5, -3.6, 3.1),
    (3000, 551, -53.8, -0.6, 19.8, 0.6, 3.8, -3.7, 0, -0.5, -4.1, 3.6),
    (3050, 570, -54.5, -0.6, 20.4, 0.6, 3.9, -4.2, 0.5, -0.5, -4.2, 3.6),
    (3100, 592, -57, -0.7, 21, 0.7, 4.1, -4.4, 0.5, -0.5, -4.2, 3.6),
    (3150, 617, -61.3, -0.9, 21.8, 0.7, 4.2, -4.5, 0.5, -0.9, -4.2, 3.7),
    (3200, 645, -66.3, -1, 22.6, 0.7, 4.4, -4.6, 0.4, -0.9, -4.7, 4.1),
    (3250, 682, -78.2, -1.4, 23.7, 0.8, 5, -4.4, 0.8, -0.4, -4.3, 4.6),
    (3300, 759, -123.7, -2.6, 25.8, 0.9, 5.4, -5.2, 0.8, -0.4, -4.6, 4.9),
]

LOW 2 EXP
[
    (750, 76, -135.8, -0.1, 3.4, 0.1, 0.8, -0.1, 0.7, 0, -0.1, 0.8),
    (800, 81, -129.9, -0.1, 3.6, 0.1, 0.8, -0.1, 0.7, 0, -0.1, 0.8),
    (850, 87, -124, -0.1, 3.9, 0.1, 0.8, -0.2, 0.7, 0, -0.2, 0.8),
    (900, 92, -118.1, -0.1, 4.1, 0.1, 0.9, -0.2, 0.7, 0, -0.2, 0.9),
    (950, 98, -112.2, -0.1, 4.4, 0.2, 0.9, -0.2, 0.7, 0, -0.2, 0.9),
    (1000, 103, -106.3, -0.1, 4.6, 0.2, 0.9, -0.2, 0.7, 0, -0.2, 0.9),
    (1050, 108, -100.4, -0.1, 4.8, 0.2, 1, -0.2, 0.7, 0, -0.2, 1),
    (1100, 114, -94.5, -0.1, 5.1, 0.2, 1, -0.3, 0.7, 0, -0.3, 1),
    (1150, 119, -88.6, -0.1, 5.3, 0.2, 1, -0.3, 0.7, 0, -0.3, 1),
    (1200, 124, -85, -0.1, 5.6, 0.2, 1, -0.3, 0.7, 0, -0.3, 1),
    (1250, 130, -81.5, -0.1, 5.8, 0.2, 1.1, -0.3, 0.7, 0, -0.3, 1),
    (1300, 136, -78.6, -0.1, 6, 0.2, 0.9, -0.6, 0.5, -0.2, -0.6, 0.8),
    (1350, 141, -75.7, -0.1, 6.3, 0.2, 0.6, -0.8, 0.2, -0.5, -0.8, 0.6),
    (1400, 147, -72.8, -0.1, 6.5, 0.2, 0.4, -1.1, 0, -0.7, -1.1, 0.4),
    (1450, 152, -70.2, -0.1, 6.8, 0.2, 0.5, -1.1, 0, -0.7, -1.1, 0.4),
    (1500, 158, -67.9, -0.1, 7, 0.2, 0.5, -1.2, 0, -0.7, -1.1, 0.4),
    (1550, 164, -66.3, -0.1, 7.3, 0.2, 0.6, -1.1, 0.1, -0.6, -1.1, 0.6),
    (1600, 170, -64.7, -0.1, 7.5, 0.2, 0.8, -1, 0.2, -0.5, -1.2, 0.7),
    (1650, 176, -63.2, -0.1, 7.8, 0.2, 1, -1, 0.4, -0.4, -1.2, 0.8),
    (1700, 181, -61.6, -0.1, 8.1, 0.3, 1.1, -0.9, 0.5, -0.2, -1.2, 1),
    (1750, 187, -60, -0.1, 8.3, 0.3, 1.2, -0.8, 0.6, -0.1, -1.3, 1.2),
    (1800, 193, -58.4, -0.1, 8.6, 0.3, 1.4, -0.7, 0.7, 0, -1.3, 1.3),
    (1850, 200, -57.6, -0.1, 8.8, 0.3, 0.8, -1.4, 0, -0.7, -1.3, 1.3),
    (1900, 206, -55.8, -0.1, 9.1, 0.3, 0.8, -1.5, 0, -0.7, -2, 1.3),
    (1950, 212, -54.9, -0.1, 9.3, 0.3, 0.9, -1.5, 0, -0.7, -2.1, 1.4),
    (2000, 218, -53.1, -0.1, 9.6, 0.3, 0.9, -1.5, 0, -0.7, -2.1, 1.4),
    (2050, 225, -52.3, -0.1, 9.9, 0.3, 1.6, -0.9, 0.7, 0, -1.5, 2.1),
    (2100, 231, -51.4, -0.1, 10.2, 0.3, 1.4, -1.3, 0.4, -0.4, -1.8, 1.8),
    (2150, 237, -50.4, -0.1, 10.4, 0.3, 1.1, -1.7, 0, -0.7, -2.2, 1.5),
    (2200, 244, -49.3, -0.1, 10.7, 0.3, 1.5, -1.4, 0.3, -0.4, -1.9, 1.8),
    (2250, 251, -48.3, -0.1, 11, 0.3, 1.8, -1.1, 0.6, 0, -1.6, 2.2),
    (2300, 257, -47.7, -0.1, 11.3, 0.3, 1.3, -1.8, 0, -0.6, -2.3, 1.6),
    (2350, 264, -46.4, -0.1, 11.5, 0.3, 1.9, -1.2, 0.6, 0, -1.7, 2.3),
    (2400, 271, -45.9, -0.1, 11.8, 0.4, 1.6, -1.6, 0.3, -0.3, -2, 2),
    (2450, 278, -45.4, -0.1, 12.1, 0.4, 1.4, -2, 0, -0.6, -2.4, 1.8),
    (2500, 285, -44.6, -0.2, 12.4, 0.4, 1.5, -2.1, 0, -0.6, -2.5, 1.8),
    (2550, 292, -43.4, -0.1, 12.7, 0.4, 2.2, -1.5, 0.6, 0, -2.5, 3.1),
    (2600, 300, -43.5, -0.2, 13, 0.4, 2.2, -1.6, 0.6, 0, -2.6, 3.1),
    (2650, 306, -42.7, -0.2, 13.3, 0.4, 2.3, -2.2, 0, -0.6, -3.2, 2.5),
    (2700, 314, -41.6, -0.2, 13.6, 0.4, 2.4, -2.3, 0.6, 0, -2.6, 3.2),
    (2750, 322, -41.3, -0.2, 13.9, 0.4, 2.4, -3, 0, -0.6, -3.3, 2.6),
    (2800, 329, -41.1, -0.2, 14.2, 0.4, 3.1, -2.4, 0.6, 0, -2.7, 3.3),
    (2850, 337, -40.5, -0.2, 14.6, 0.4, 3.2, -2.5, 0.6, 0, -2.8, 3.3),
    (2900, 345, -40.3, -0.2, 14.9, 0.4, 3.2, -2.6, 0.6, 0, -2.8, 3.4),
    (2950, 353, -40.1, -0.2, 15.2, 0.5, 3.3, -2.6, 0.6, 0, -2.9, 3.4),
    (3000, 361, -39.6, -0.2, 15.5, 0.5, 3.4, -2.7, 0.6, 0, -3.5, 3.5),
    (3050, 370, -39.9, -0.3, 15.9, 0.5, 2.9, -3.4, 0, -0.6, -4.2, 3.5),
    (3100, 378, -38.9, -0.2, 16.2, 0.5, 3, -3.5, 0, -0.6, -4.2, 3.5),
    (3150, 387, -38.9, -0.2, 16.5, 0.5, 3.6, -3, 0.6, 0, -3.7, 4.2),
    (3200, 396, -38.4, -0.3, 16.9, 0.5, 3.7, -3, 0.6, 0, -3.7, 4.2),
    (3250, 405, -38.4, -0.3, 17.3, 0.5, 3.8, -3.1, 0.6, 0, -3.8, 4.3),
    (3300, 414, -37.9, -0.2, 17.6, 0.5, 3.3, -3.8, 0, -0.6, -4.4, 3.7),
    (3350, 424, -37.9, -0.3, 18, 0.5, 4, -3.3, 0.6, 0, -3.9, 4.4),
    (3400, 434, -38, -0.3, 18.4, 0.6, 4.1, -3.4, 0.6, 0, -4.5, 5),
    (3450, 444, -38, -0.3, 18.8, 0.6, 4.2, -3.5, 0.6, 0, -4.6, 5),
    (3500, 455, -38, -0.3, 19.1, 0.6, 3.7, -4.1, 0, -0.6, -5.2, 4.5),
    (3550, 466, -38.6, -0.4, 19.6, 0.6, 4.4, -4.2, 0.6, 0, -4.7, 5.1),
    (3600, 477, -38.3, -0.4, 20, 0.6, 5, -4.4, 0.6, 0, -4.7, 5.1),
    (3650, 489, -39.3, -0.4, 20.4, 0.6, 5.1, -4.5, 0.6, 0, -5.3, 5.2),
    (3700, 501, -39.9, -0.4, 20.9, 0.6, 5.2, -4.6, 0.6, -0.6, -5.4, 5.7),
    (3750, 513, -39.1, -0.4, 21.3, 0.7, 4.8, -5.2, 0.5, -1.1, -5.9, 5.3),
    (3800, 526, -39.8, -0.5, 21.8, 0.7, 5.5, -4.8, 1.1, -0.5, -5.5, 5.8),
    (3850, 541, -41.4, -0.5, 22.4, 0.7, 5.6, -4.9, 1, -0.5, -5.5, 5.9),
    (3900, 556, -42.6, -0.6, 22.9, 0.7, 5.2, -5.6, 0.5, -1, -6.6, 5.9),
    (3950, 572, -43.9, -0.6, 23.4, 0.7, 5.9, -5.2, 1, -0.5, -6.1, 6.4),
    (4000, 590, -45.2, -0.7, 24.1, 0.8, 6, -5.4, 1, -0.5, -6.2, 6.5),
    (4050, 611, -48.5, -0.8, 24.8, 0.8, 5.7, -6, 0.5, -1, -7.2, 6),
    (4100, 632, -52.5, -0.9, 25.5, 0.8, 6.8, -6.2, 1, -0.5, -6.7, 7),
    (4150, 659, -58.7, -1.1, 26.4, 0.8, 6.6, -6.8, 0.5, -0.9, -7.2, 6.5),
    (4200, 696, -71, -1.5, 27.6, 0.9, 6.9, -7.1, 0.5, -0.9, -7.7, 7),
]

LOW 3 EXP
[
    (1600, 126, -64.5, -0.1, 6.5, 0.2, 1.3, -0.5, 0.8, 0, -0.5, 1.3),
    (1650, 130, -62.5, -0.1, 6.7, 0.2, 1.1, -0.7, 0.6, -0.2, -0.7, 1.1),
    (1700, 134, -60.5, -0.1, 6.9, 0.2, 1, -1, 0.4, -0.4, -1, 1),
    (1750, 139, -58.6, -0.1, 7.1, 0.2, 0.8, -1.2, 0.2, -0.6, -1.2, 0.8),
    (1800, 143, -56.6, -0.1, 7.3, 0.2, 0.6, -1.4, 0, -0.8, -1.4, 0.6),
    (1850, 148, -55.7, -0.1, 7.6, 0.2, 1, -1, 0.4, -0.4, -1, 1),
    (1900, 152, -54.8, -0.1, 7.8, 0.2, 1.5, -0.7, 0.8, 0, -0.7, 1.5),
    (1950, 156, -52.9, -0.1, 8, 0.2, 1.6, -0.8, 0.8, 0, -1.2, 1.5),
    (2000, 161, -50.9, -0.1, 8.2, 0.2, 1.6, -0.8, 0.8, 0, -1.6, 1.5),
    (2050, 166, -50.5, -0.1, 8.4, 0.2, 1.2, -1.2, 0.4, -0.4, -2, 1.6),
    (2100, 170, -50, -0.1, 8.7, 0.3, 0.9, -1.6, 0, -0.8, -2.4, 1.6),
    (2150, 175, -48.6, -0.1, 8.9, 0.3, 1, -1.6, 0, -0.8, -2.4, 1.6),
    (2200, 180, -47.1, -0.1, 9.1, 0.3, 1, -1.7, 0, -0.8, -2.4, 1.6),
    (2250, 184, -45.7, -0.1, 9.4, 0.3, 1, -1.8, 0, -0.8, -2.5, 1.7),
    (2300, 189, -44.3, -0.1, 9.6, 0.3, 1.1, -1.8, 0, -0.8, -2.5, 1.7),
    (2350, 194, -43.9, -0.1, 9.8, 0.3, 1.2, -1.8, 0, -0.8, -2.6, 1.8),
    (2400, 198, -43.6, -0.1, 10, 0.3, 1.2, -1.9, 0, -0.8, -2.6, 1.8),
    (2450, 203, -43.2, -0.1, 10.3, 0.3, 1.2, -2, 0, -0.7, -2.7, 1.8),
    (2500, 208, -42.9, -0.1, 10.5, 0.3, 1.3, -2, 0, -0.7, -2.7, 1.9),
    (2550, 213, -42, -0.1, 10.8, 0.3, 1.7, -1.6, 0.4, -0.4, -2.4, 2.3),
    (2600, 218, -41, -0.1, 11, 0.3, 2.1, -1.3, 0.7, 0, -2, 2.7),
    (2650, 223, -39.4, -0.1, 11.2, 0.3, 1.8, -1.7, 0.4, -0.4, -2.4, 2.4),
    (2700, 228, -37.7, -0.1, 11.5, 0.3, 1.5, -2.1, 0, -0.7, -2.9, 2.1),
    (2750, 233, -38.2, -0.1, 11.8, 0.4, 1.9, -1.8, 0.4, -0.4, -3, 2.8),
    (2800, 238, -38.6, -0.1, 12, 0.4, 2.3, -1.5, 0.7, 0, -3, 3.6),
    (2850, 243, -36.9, -0.1, 12.2, 0.4, 2.3, -1.6, 0.7, 0, -3, 3.6),
    (2900, 248, -35.1, -0.1, 12.5, 0.4, 2.4, -1.7, 0.7, 0, -3.1, 3.7),
    (2950, 254, -35.8, -0.1, 12.8, 0.4, 2.2, -2.1, 0.4, -0.4, -3.5, 3.4),
    (3000, 259, -36.5, -0.1, 13, 0.4, 1.9, -2.5, 0, -0.7, -3.9, 3.1),
    (3050, 264, -36, -0.1, 13.2, 0.4, 2.3, -2.6, 0, -0.7, -4, 3.2),
    (3100, 269, -35.5, -0.1, 13.5, 0.4, 2.7, -2.6, 0, -0.7, -4, 3.2),
    (3150, 274, -35, -0.1, 13.8, 0.4, 2.8, -3, 0, -0.7, -4, 3.2),
    (3200, 280, -34.4, -0.1, 14, 0.4, 2.8, -3.4, 0, -0.7, -4.1, 3.3),
    (3250, 286, -34.3, -0.2, 14.3, 0.4, 3.2, -3.2, 0.4, -0.4, -4.1, 4),
    (3300, 292, -34.2, -0.2, 14.6, 0.4, 3.6, -2.9, 0.7, 0, -4.2, 4.8),
    (3350, 298, -34, -0.2, 14.8, 0.4, 3.4, -3.3, 0.4, -0.4, -4.6, 4.5),
    (3400, 304, -33.7, -0.2, 15.1, 0.5, 3.1, -3.7, 0, -0.7, -5, 4.2),
    (3450, 310, -33.3, -0.2, 15.4, 0.5, 3.5, -3.4, 0.4, -0.4, -4.7, 4.6),
    (3500, 315, -32.9, -0.2, 15.7, 0.5, 3.9, -3.2, 0.7, 0, -4.4, 5),
    (3550, 322, -32.6, -0.2, 16, 0.5, 4, -3.2, 0.7, 0, -4.4, 5),
    (3600, 328, -32.4, -0.2, 16.2, 0.5, 4.1, -3.3, 0.7, 0, -4.5, 5.1),
    (3650, 334, -32, -0.2, 16.5, 0.5, 3.8, -3.7, 0.4, -0.4, -5.2, 4.8),
    (3700, 340, -31.7, -0.2, 16.8, 0.5, 3.6, -4.1, 0, -0.7, -6, 4.5),
    (3750, 346, -31.4, -0.2, 17.1, 0.5, 4, -3.8, 0.4, -0.4, -5.7, 5.2),
    (3800, 353, -31, -0.2, 17.4, 0.5, 4.4, -3.6, 0.7, 0, -5.4, 5.9),
    (3850, 360, -30.6, -0.2, 17.7, 0.5, 4.2, -4, 0.4, -0.4, -5.8, 5.6),
    (3900, 366, -30.3, -0.2, 18, 0.5, 3.9, -4.4, 0, -0.7, -6.2, 5.4),
    (3950, 374, -30.4, -0.2, 18.3, 0.6, 4.3, -4.2, 0.4, -0.4, -6, 5.8),
    (4000, 381, -30.4, -0.2, 18.6, 0.6, 4.7, -4, 0.7, 0, -5.7, 6.1),
    (4050, 388, -30.2, -0.2, 19, 0.6, 4.8, -4.1, 0.7, 0, -6.1, 6.5),
    (4100, 395, -29.9, -0.2, 19.3, 0.6, 4.9, -4.2, 0.7, 0, -6.4, 6.9),
    (4150, 402, -29.8, -0.2, 19.6, 0.6, 5, -4.6, 0.6, 0, -6.4, 7),
    (4200, 410, -29.6, -0.2, 19.9, 0.6, 5.1, -5, 0.6, 0, -6.5, 7),
    (4250, 418, -30, -0.2, 20.2, 0.6, 5.2, -5.4, 0.6, -0.3, -6.9, 6.8),
    (4300, 425, -30.3, -0.3, 20.6, 0.6, 5.3, -5.8, 0.6, -0.6, -7.3, 6.5),
    (4350, 434, -30.2, -0.3, 21, 0.6, 5.4, -5.9, 0.6, -0.6, -7.6, 6.8),
    (4400, 442, -30.2, -0.3, 21.3, 0.6, 5.5, -6, 0.6, -0.6, -8, 7.2),
    (4450, 450, -30.2, -0.3, 21.7, 0.6, 5.9, -5.8, 0.6, -0.6, -7.8, 7.6),
    (4500, 459, -30.2, -0.3, 22.1, 0.7, 6.3, -5.6, 0.6, -0.6, -7.5, 7.9),
    (4550, 468, -30.6, -0.4, 22.5, 0.7, 6.2, -6, 0.6, -0.9, -8.2, 7.6),
    (4600, 477, -30.9, -0.4, 22.8, 0.7, 6, -6.4, 0.6, -1.2, -8.8, 7.4),
    (4650, 487, -30.9, -0.4, 23.2, 0.7, 6.2, -6.6, 0.6, -1.2, -8.9, 7.8),
    (4700, 497, -30.9, -0.4, 23.6, 0.7, 6.3, -6.7, 0.6, -1.2, -8.9, 8.1),
    (4750, 508, -31.4, -0.4, 24, 0.8, 6.4, -6.8, 0.6, -1.2, -9.2, 8.2),
    (4800, 518, -31.8, -0.4, 24.5, 0.8, 6.5, -6.9, 0.6, -1.2, -9.6, 8.2),
    (4850, 530, -32.5, -0.4, 25, 0.8, 7.2, -7, 0.8, -0.9, -9.4, 8.8),
    (4900, 542, -33.2, -0.5, 25.5, 0.8, 7.9, -7.2, 1.1, -0.6, -9.2, 9.4),
    (4950, 555, -34.4, -0.6, 26, 0.8, 7.8, -7.6, 0.8, -0.8, -9.6, 9.5),
    (5000, 568, -35.5, -0.6, 26.5, 0.8, 7.7, -8.1, 0.6, -1.1, -10, 9.5),
    (5050, 583, -37, -0.6, 27.1, 0.8, 8.2, -8, 0.8, -0.8, -10, 9.8),
    (5100, 598, -38.4, -0.7, 27.7, 0.9, 8.6, -7.9, 1.1, -0.6, -9.9, 10),
    (5150, 616, -40.8, -0.8, 28.4, 0.9, 8.5, -8.4, 0.8, -0.8, -10.4, 10),
    (5200, 634, -43.3, -0.9, 29.1, 0.9, 8.5, -8.8, 0.6, -1.1, -11, 10),
    (5250, 662, -50.6, -1.2, 30.1, 1, 9, -9.3, 0.6, -1, -11.5, 10.5),
    (5300, 689, -57.9, -1.4, 31.1, 1, 9.5, -9.8, 0.5, -1, -12, 11),
]

LOW 4 EXP
[
    (1800, 103, -56.6, -0.1, 6.2, 0.2, 1.5, -0.5, 0.9, 0, -0.6, 1.5),
    (1850, 106, -55.1, -0.1, 6.4, 0.2, 1.5, -0.6, 0.9, 0, -0.6, 1.6),
    (1900, 109, -53.6, -0.1, 6.6, 0.2, 1.5, -0.6, 0.9, 0, -0.7, 1.6),
    (1950, 112, -52.5, -0.1, 6.8, 0.2, 1.5, -0.6, 0.9, 0, -0.8, 1.6),
    (2000, 116, -51.4, -0.1, 7, 0.2, 1.6, -0.6, 0.9, 0, -0.8, 1.6),
    (2050, 119, -50.3, -0.1, 7.1, 0.2, 1.6, -0.7, 0.9, 0, -0.8, 1.7),
    (2100, 122, -49.2, -0.1, 7.3, 0.2, 1.6, -0.7, 0.9, 0, -0.9, 1.7),
    (2150, 126, -48.1, -0.1, 7.5, 0.2, 1.6, -0.8, 0.9, 0, -1.4, 1.8),
    (2200, 129, -47, -0.1, 7.7, 0.2, 1.7, -0.8, 0.9, 0, -1.8, 1.8),
    (2250, 132, -46.2, -0.1, 7.9, 0.2, 1.8, -0.8, 0.9, 0, -1.8, 2.3),
    (2300, 135, -45.3, -0.1, 8.1, 0.2, 1.8, -0.9, 0.9, 0, -1.9, 2.8),
    (2350, 138, -44.4, -0.1, 8.3, 0.2, 1.7, -1.1, 0.8, -0.2, -2.1, 2.7),
    (2400, 142, -43.6, -0.1, 8.5, 0.2, 1.6, -1.3, 0.6, -0.3, -2.3, 2.6),
    (2450, 145, -42.7, -0.1, 8.7, 0.2, 1.5, -1.5, 0.4, -0.4, -2.4, 2.4),
    (2500, 148, -41.8, -0.1, 8.9, 0.3, 1.3, -1.6, 0.3, -0.6, -2.6, 2.3),
    (2550, 152, -41, -0.1, 9.1, 0.3, 1.2, -1.8, 0.2, -0.8, -2.8, 2.2),
    (2600, 155, -40.1, -0.1, 9.3, 0.3, 1.1, -2, 0, -0.9, -3, 2.1),
    (2650, 158, -39.4, -0.1, 9.5, 0.3, 1.2, -2, 0, -0.9, -3, 2.2),
    (2700, 162, -38.7, -0.1, 9.7, 0.3, 1.2, -2.1, 0, -0.9, -3.1, 2.2),
    (2750, 166, -38, -0.1, 9.9, 0.3, 1.2, -2.1, 0, -0.9, -3.2, 2.2),
    (2800, 169, -37.3, -0.1, 10.1, 0.3, 1.3, -2.1, 0, -0.9, -3.2, 2.3),
    (2850, 172, -36.2, -0.1, 10.3, 0.3, 1.4, -2.2, 0, -0.9, -3.2, 2.3),
    (2900, 176, -35.1, -0.1, 10.5, 0.3, 1.4, -2.2, 0, -0.9, -3.3, 2.4),
    (2950, 180, -34.8, -0.1, 10.7, 0.3, 1.4, -2.2, 0, -0.9, -3.6, 2.6),
    (3000, 184, -34.5, -0.1, 10.9, 0.3, 1.5, -2.3, 0, -0.9, -3.8, 2.9),
    (3050, 187, -34.1, -0.1, 11.1, 0.3, 1.6, -2.4, 0, -0.9, -4.1, 3.2),
    (3100, 191, -33.8, -0.1, 11.3, 0.3, 1.6, -2.4, 0, -0.9, -4.4, 3.4),
    (3150, 194, -33.6, -0.1, 11.5, 0.3, 1.7, -2.4, 0, -0.8, -4.4, 3.5),
    (3200, 198, -33.4, -0.1, 11.7, 0.3, 1.8, -2.5, 0, -0.8, -4.5, 3.6),
    (3250, 202, -32.9, -0.1, 11.9, 0.4, 1.8, -2.6, 0, -0.8, -4.6, 3.6),
    (3300, 206, -32.4, -0.1, 12.1, 0.4, 1.9, -2.6, 0, -0.8, -4.6, 3.7),
    (3350, 210, -32, -0.1, 12.4, 0.4, 2.3, -2.2, 0.4, -0.4, -4.2, 4.2),
    (3400, 213, -31.6, -0.1, 12.6, 0.4, 2.8, -1.9, 0.8, 0, -3.9, 4.6),
    (3450, 217, -31.2, -0.1, 12.8, 0.4, 2.4, -2.4, 0.4, -0.4, -4.4, 4.2),
    (3500, 221, -30.7, -0.1, 13, 0.4, 2.1, -2.9, 0, -0.8, -4.8, 3.9),
    (3550, 225, -30.3, -0.1, 13.2, 0.4, 2.6, -2.6, 0.4, -0.4, -4.8, 4.8),
    (3600, 229, -29.9, -0.1, 13.4, 0.4, 3.1, -2.2, 0.8, 0, -4.9, 5.6),
    (3650, 233, -29.5, -0.1, 13.6, 0.4, 3.2, -2.7, 0.4, -0.4, -5.4, 5.2),
    (3700, 237, -29.1, -0.1, 13.9, 0.4, 3.2, -3.1, 0, -0.8, -5.8, 4.9),
    (3750, 240, -28.8, -0.1, 14.1, 0.4, 3.6, -3.2, 0.4, -0.4, -5.5, 5.4),
    (3800, 244, -28.4, -0.1, 14.3, 0.4, 4.1, -3.2, 0.8, 0, -5.2, 5.8),
    (3850, 248, -28.2, -0.1, 14.6, 0.4, 3.8, -3.7, 0.4, -0.4, -5.6, 5.4),
    (3900, 253, -28, -0.1, 14.8, 0.4, 3.4, -4.2, 0, -0.8, -6.1, 5.1),
    (3950, 257, -27.6, -0.1, 15, 0.4, 3.5, -4.2, 0, -0.8, -6.1, 5.2),
    (4000, 261, -27.3, -0.1, 15.2, 0.5, 3.6, -4.3, 0, -0.8, -6.2, 5.3),
    (4050, 266, -27, -0.1, 15.4, 0.5, 4, -4, 0.4, -0.4, -6.2, 6.1),
    (4100, 270, -26.8, -0.1, 15.7, 0.5, 4.5, -3.6, 0.8, 0, -6.3, 6.9),
    (4150, 274, -26.6, -0.1, 16, 0.5, 4.6, -3.7, 0.8, 0, -6.4, 7),
    (4200, 279, -26.5, -0.1, 16.2, 0.5, 4.6, -3.8, 0.8, 0, -6.5, 7),
    (4250, 284, -26.4, -0.1, 16.4, 0.5, 4.7, -3.8, 0.8, 0, -6.6, 7),
    (4300, 288, -26.2, -0.1, 16.7, 0.5, 4.8, -3.9, 0.8, 0, -6.6, 7.1),
    (4350, 292, -25.8, -0.1, 16.9, 0.5, 4.8, -4, 0.8, 0, -6.6, 7.2),
    (4400, 297, -25.4, -0.1, 17.1, 0.5, 4.9, -4.1, 0.8, 0, -6.7, 7.3),
    (4450, 302, -25.4, -0.1, 17.4, 0.5, 4.6, -4.6, 0.4, -0.4, -7.6, 7.4),
    (4500, 306, -25.5, -0.1, 17.6, 0.5, 4.4, -5, 0, -0.8, -8.4, 7.4),
    (4550, 310, -25.1, -0.1, 17.8, 0.5, 4.8, -4.7, 0.4, -0.4, -8.1, 7.8),
    (4600, 315, -24.7, -0.1, 18.1, 0.5, 5.3, -4.4, 0.8, 0, -7.8, 8.2),
    (4650, 320, -24.8, -0.2, 18.4, 0.6, 5, -4.8, 0.4, -0.4, -8.2, 7.9),
    (4700, 325, -24.9, -0.2, 18.6, 0.6, 4.7, -5.3, 0, -0.8, -8.6, 7.6),
    (4750, 330, -24.7, -0.2, 18.9, 0.6, 4.8, -5.4, 0, -0.8, -8.7, 7.7),
    (4800, 335, -24.5, -0.2, 19.2, 0.6, 4.9, -5.5, 0, -0.8, -8.8, 7.8),
    (4850, 340, -24.1, -0.2, 19.4, 0.6, 5.4, -5.6, 0.4, -0.4, -8.9, 8.6),
    (4900, 345, -23.7, -0.1, 19.7, 0.6, 5.8, -5.7, 0.8, 0, -8.9, 9.3),
    (4950, 350, -23.7, -0.2, 20, 0.6, 5.9, -6.2, 0.4, -0.4, -9.4, 9),
    (5000, 356, -23.7, -0.2, 20.2, 0.6, 6, -6.6, 0, -0.7, -9.8, 8.8),
    (5050, 362, -23.8, -0.2, 20.5, 0.6, 6.4, -6.4, 0.4, -0.4, -9.5, 9.2),
    (5100, 367, -24, -0.2, 20.8, 0.6, 6.9, -6.1, 0.7, 0, -9.2, 9.6),
    (5150, 372, -24, -0.2, 21.1, 0.6, 7, -6.2, 0.7, -0.4, -9.6, 9.8),
    (5200, 378, -23.9, -0.2, 21.4, 0.6, 7.1, -6.3, 0.7, -0.7, -10, 10),
    (5250, 384, -23.5, -0.2, 21.7, 0.6, 7.2, -6.4, 0.7, -0.7, -10, 10.5),
    (5300, 389, -23.2, -0.2, 22, 0.7, 7.3, -6.5, 0.7, -0.7, -10, 11),
    (5350, 395, -23.2, -0.2, 22.3, 0.7, 7.4, -6.6, 1, -0.7, -10.5, 11),
    (5400, 401, -23.2, -0.2, 22.6, 0.7, 7.5, -6.7, 1.4, -0.7, -11, 11),
    (5450, 407, -23.2, -0.2, 22.9, 0.7, 7.2, -7.2, 1, -1, -11.5, 11),
    (5500, 413, -23.2, -0.2, 23.2, 0.7, 7, -7.6, 0.7, -1.4, -12, 11),
    (5550, 420, -23.2, -0.2, 23.5, 0.7, 7.4, -7.4, 1, -1, -11.5, 11.5),
    (5600, 426, -23.3, -0.3, 23.8, 0.7, 7.9, -7.1, 1.4, -0.7, -11, 12),
    (5650, 433, -23.3, -0.3, 24.2, 0.7, 8, -7.2, 1.4, -0.7, -11.5, 12),
    (5700, 440, -23.3, -0.3, 24.5, 0.7, 8.2, -7.4, 1.4, -0.7, -12, 12),
    (5750, 447, -23.6, -0.3, 24.8, 0.8, 8.6, -7.8, 1.4, -0.7, -12, 12),
    (5800, 454, -23.8, -0.3, 25.2, 0.8, 9.1, -8.3, 1.3, -0.7, -12, 12),
    (5850, 462, -23.8, -0.3, 25.5, 0.8, 8.9, -8.8, 1, -1, -13, 12.5),
    (5900, 469, -23.9, -0.3, 25.9, 0.8, 8.7, -9.2, 0.7, -1.3, -14, 13),
    (5950, 476, -23.8, -0.3, 26.2, 0.8, 8.8, -9.3, 0.7, -1.3, -14, 13),
    (6000, 484, -23.7, -0.3, 26.6, 0.8, 9, -9.4, 0.7, -1.3, -14, 13),
    (6050, 492, -24.1, -0.4, 27, 0.8, 9.4, -9.2, 1, -1, -14, 13.5),
    (6100, 501, -24.5, -0.4, 27.4, 0.8, 9.9, -9.1, 1.3, -0.7, -14, 14),
    (6150, 510, -24.8, -0.4, 27.8, 0.8, 9.8, -9.5, 1, -1, -14.5, 14),
    (6200, 518, -25, -0.4, 28.2, 0.9, 9.6, -10, 0.7, -1.3, -15, 14),
    (6250, 528, -25.6, -0.4, 28.6, 0.9, 9.8, -10, 0.7, -1.2, -15.5, 14),
    (6300, 538, -26.3, -0.5, 29.1, 0.9, 9.9, -10, 0.7, -1.2, -16, 14),
    (6350, 549, -27, -0.5, 29.6, 0.9, 10.4, -10.5, 1, -0.9, -16, 15),
    (6400, 560, -27.7, -0.5, 30.2, 0.9, 11, -11, 1.2, -0.6, -16, 16),
    (6450, 572, -28.4, -0.6, 30.7, 1, 11.5, -11, 1.2, -0.6, -16, 16),
    (6500, 583, -29.2, -0.6, 31.2, 1, 12, -11, 1.2, -0.6, -16, 16),
    (6550, 598, -31.1, -0.7, 31.8, 1, 12, -11, 1.2, -0.6, -16.5, 16),
    (6600, 612, -33, -0.8, 32.5, 1, 12, -11, 1.2, -0.6, -17, 16),
    (6650, 630, -35.8, -0.9, 33.2, 1, 12.5, -12, 0.9, -0.8, -17.5, 16),
    (6700, 648, -38.7, -1, 34, 1.1, 13, -13, 0.6, -1.1, -18, 16),
    (6750, 678, -50, -1.4, 35.3, 1.2, 13.5, -13, 0.8, -0.8, -18.5, 17),
    (6800, 709, -61.4, -1.9, 36.6, 1.2, 14, -13, 1.1, -0.6, -19, 18),
]

LOW 5 EXP
[
    (1600, 69, -63.7, -0.1, 4.8, 0.1, 0.4, -1.4, 0, -1.1, -1.6, 0.5),
    (1650, 71, -61.8, -0.1, 4.9, 0.2, 1, -0.9, 0.6, -0.6, -1.1, 1),
    (1700, 73, -59.9, -0.1, 5.1, 0.2, 1.5, -0.4, 1.1, 0, -0.6, 1.6),
    (1750, 76, -58.3, -0.1, 5.2, 0.2, 1, -1, 0.6, -0.6, -1.2, 1.1),
    (1800, 78, -56.6, -0.1, 5.4, 0.2, 0.5, -1.5, 0, -1.1, -1.7, 0.6),
    (1850, 80, -55.1, -0.1, 5.6, 0.2, 0.5, -1.6, 0, -1.1, -1.8, 0.6),
    (1900, 83, -53.6, -0.1, 5.7, 0.2, 0.5, -1.6, 0, -1.1, -1.8, 0.7),
    (1950, 85, -52.4, -0.1, 5.9, 0.2, 0.5, -1.6, 0, -1.1, -1.8, 0.9),
    (2000, 88, -51.3, -0.1, 6, 0.2, 0.6, -1.6, 0, -1.1, -1.8, 1),
    (2050, 90, -50.1, -0.1, 6.2, 0.2, 0.6, -1.7, 0, -1.1, -1.9, 1.2),
    (2100, 92, -48.9, -0.1, 6.4, 0.2, 0.6, -1.7, 0, -1, -1.9, 1.4),
    (2150, 95, -47.8, -0.1, 6.5, 0.2, 0.7, -1.7, 0, -1, -1.9, 1.5),
    (2200, 97, -46.6, -0.1, 6.7, 0.2, 0.7, -1.8, 0, -1, -2, 1.7),
    (2250, 100, -45.5, -0.1, 6.8, 0.2, 0.8, -1.8, 0, -1, -2, 1.8),
    (2300, 102, -44.3, -0.1, 7, 0.2, 0.8, -1.8, 0, -1, -2, 2),
    (2350, 104, -43.4, -0.1, 7.2, 0.2, 0.8, -1.8, 0, -1, -2.6, 2),
    (2400, 107, -42.4, -0.1, 7.3, 0.2, 0.8, -1.8, 0, -1, -3.2, 2.1),
    (2450, 110, -41.9, -0.1, 7.5, 0.2, 0.8, -1.8, 0, -1, -3.2, 2.2),
    (2500, 112, -41.3, -0.1, 7.7, 0.2, 0.9, -1.9, 0, -1, -3.2, 2.2),
    (2550, 114, -40.6, -0.1, 7.8, 0.2, 1, -1.9, 0, -1, -3.2, 2.2),
    (2600, 117, -39.8, -0.1, 8, 0.2, 1, -2, 0, -1, -3.3, 2.3),
    (2650, 120, -39, -0.1, 8.2, 0.2, 1, -2, 0, -1, -3.4, 2.4),
    (2700, 122, -38.3, -0.1, 8.3, 0.2, 1.1, -2, 0, -1, -3.4, 2.4),
    (2750, 124, -37.6, -0.1, 8.5, 0.2, 1.4, -1.8, 0.2, -0.8, -3.2, 2.7),
    (2800, 127, -37, -0.1, 8.7, 0.2, 1.6, -1.6, 0.5, -0.5, -3, 3),
    (2850, 130, -36.4, -0.1, 8.9, 0.3, 1.9, -1.4, 0.8, -0.2, -2.8, 3.2),
    (2900, 132, -35.7, -0.1, 9.1, 0.3, 2.2, -1.2, 1, 0, -2.6, 3.5),
    (2950, 135, -34.8, -0.1, 9.2, 0.3, 2.2, -1.2, 1, 0, -2.7, 3.6),
    (3000, 138, -34, -0.1, 9.4, 0.3, 2.3, -1.3, 1, 0, -2.7, 3.6),
    (3050, 140, -33.7, -0.1, 9.6, 0.3, 1.8, -1.8, 0.5, -0.5, -3.2, 3.2),
    (3100, 143, -33.4, -0.1, 9.7, 0.3, 1.4, -2.3, 0, -1, -3.8, 2.7),
    (3150, 146, -33, -0.1, 9.9, 0.3, 1.4, -2.3, 0, -1, -3.8, 3.2),
    (3200, 148, -32.7, -0.1, 10.1, 0.3, 1.5, -2.4, 0, -1, -3.9, 3.8),
    (3250, 151, -32.2, -0.1, 10.3, 0.3, 2, -2, 0.5, -0.5, -4, 4.4),
    (3300, 154, -31.7, -0.1, 10.5, 0.3, 2.6, -1.6, 1, 0, -4, 4.9),
    (3350, 156, -31.2, -0.1, 10.6, 0.3, 2.2, -2.1, 0.5, -0.5, -4.6, 4.4),
    (3400, 159, -30.8, -0.1, 10.8, 0.3, 1.7, -2.6, 0, -1, -5.1, 4),
    (3450, 162, -30.4, -0.1, 11, 0.3, 1.8, -2.7, 0, -1, -5.1, 4),
    (3500, 165, -29.9, -0.1, 11.2, 0.3, 1.8, -2.7, 0, -1, -5.2, 4.1),
    (3550, 168, -29.4, -0.1, 11.4, 0.3, 2.4, -2.3, 0.5, -0.5, -4.8, 4.6),
    (3600, 170, -28.9, -0.1, 11.5, 0.3, 2.9, -1.9, 1, 0, -4.4, 5.2),
    (3650, 173, -28.6, -0.1, 11.7, 0.4, 3, -2, 1, 0, -4.4, 5.2),
    (3700, 176, -28.3, -0.1, 11.9, 0.4, 3, -2, 1, 0, -4.5, 5.3),
    (3750, 179, -28, -0.1, 12.1, 0.4, 2.6, -2.5, 0.5, -0.5, -5, 4.9),
    (3800, 182, -27.6, -0.1, 12.3, 0.4, 2.2, -3, 0, -0.9, -5.5, 4.5),
    (3850, 185, -27.4, -0.1, 12.5, 0.4, 2.2, -3, 0, -0.9, -6, 5),
    (3900, 188, -27.2, -0.1, 12.7, 0.4, 2.3, -3.1, 0, -0.9, -6.6, 5.5),
    (3950, 191, -26.9, -0.1, 12.9, 0.4, 2.8, -2.7, 0.5, -0.4, -6.2, 6),
    (4000, 194, -26.6, -0.1, 13.1, 0.4, 3.3, -2.3, 0.9, 0, -5.8, 6.5),
    (4050, 197, -26.4, -0.1, 13.2, 0.4, 3.4, -2.8, 0.9, 0, -5.8, 6.6),
    (4100, 200, -26.2, -0.1, 13.4, 0.4, 3.4, -3.4, 0.9, 0, -5.9, 6.7),
    (4150, 203, -25.9, -0.1, 13.6, 0.4, 3.4, -3.9, 0.4, -0.5, -6.4, 6.3),
    (4200, 206, -25.6, -0.1, 13.8, 0.4, 3.5, -4.4, 0, -0.9, -7, 5.9),
    (4250, 209, -25.4, -0.1, 14, 0.4, 3.6, -4.4, 0, -0.9, -7, 6),
    (4300, 212, -25.1, -0.1, 14.2, 0.4, 3.7, -4.5, 0, -0.9, -7.1, 6),
    (4350, 215, -24.6, -0.1, 14.4, 0.4, 3.8, -4.6, 0, -0.9, -7.6, 6.5),
    (4400, 218, -24.2, -0.1, 14.6, 0.4, 3.8, -4.6, 0, -0.9, -8.1, 7),
    (4450, 222, -24.2, -0.1, 14.8, 0.4, 4.3, -4.2, 0.5, -0.4, -7.8, 7.5),
    (4500, 225, -24.3, -0.1, 15, 0.4, 4.8, -3.9, 0.9, 0, -7.4, 8),
    (4550, 228, -23.8, -0.1, 15.2, 0.4, 4.4, -4.4, 0.4, -0.5, -7.9, 7.6),
    (4600, 231, -23.3, -0.1, 15.4, 0.5, 4.1, -4.9, 0, -0.9, -8.4, 7.3),
    (4650, 234, -23.3, -0.1, 15.6, 0.5, 4.1, -5, 0, -0.9, -8.5, 7.4),
    (4700, 238, -23.3, -0.1, 15.8, 0.5, 4.2, -5, 0, -0.9, -8.5, 7.4),
    (4750, 242, -23, -0.1, 16, 0.5, 4.3, -5, 0, -0.9, -8.6, 7.4),
    (4800, 245, -22.6, -0.1, 16.2, 0.5, 4.4, -5.1, 0, -0.9, -8.7, 7.5),
    (4850, 248, -22.4, -0.1, 16.4, 0.5, 4.9, -4.8, 0.5, -0.4, -8.8, 8.4),
    (4900, 251, -22.2, -0.1, 16.7, 0.5, 5.4, -4.4, 0.9, 0, -8.8, 9.4),
    (4950, 254, -22.2, -0.1, 16.9, 0.5, 5.4, -4.5, 0.9, 0, -8.9, 9.5),
    (5000, 258, -22.1, -0.1, 17.1, 0.5, 5.5, -4.6, 0.9, 0, -9, 9.5),
    (5050, 262, -21.8, -0.1, 17.3, 0.5, 5.2, -5.1, 0.4, -0.5, -9.5, 9.2),
    (5100, 265, -21.6, -0.1, 17.5, 0.5, 4.8, -5.6, 0, -0.9, -10, 8.8),
    (5150, 269, -21.6, -0.1, 17.7, 0.5, 4.9, -5.6, 0, -0.9, -10, 8.9),
    (5200, 273, -21.5, -0.1, 17.9, 0.5, 5, -5.7, 0, -0.9, -10, 9),
    (5250, 276, -21.2, -0.1, 18.2, 0.5, 5.1, -5.8, 0, -0.9, -10.5, 9.4),
    (5300, 280, -20.9, -0.1, 18.4, 0.5, 5.2, -5.9, 0, -0.9, -11, 9.9),
    (5350, 284, -20.8, -0.1, 18.6, 0.6, 5.2, -6, 0, -0.9, -11, 10),
    (5400, 287, -20.8, -0.1, 18.8, 0.6, 5.3, -6.1, 0, -0.9, -11, 10),
    (5450, 291, -20.6, -0.1, 19, 0.6, 5.4, -6.1, 0, -0.9, -11, 10),
    (5500, 295, -20.5, -0.1, 19.3, 0.6, 5.5, -6.2, 0, -0.9, -11, 10),
    (5550, 299, -20.4, -0.1, 19.6, 0.6, 6, -6.3, 0, -0.8, -11.5, 10.5),
    (5600, 303, -20.2, -0.1, 19.8, 0.6, 6.5, -6.4, 0, -0.8, -12, 11),
    (5650, 307, -20.2, -0.1, 20, 0.6, 7, -6.5, 0.4, -0.4, -12, 11.5),
    (5700, 311, -20.2, -0.1, 20.2, 0.6, 7.5, -6.6, 0.8, -0.1, -12, 12),
    (5750, 315, -20.2, -0.1, 20.4, 0.6, 7.2, -7.1, 0.4, -0.5, -12.5, 11.5),
    (5800, 319, -20.1, -0.1, 20.7, 0.6, 6.9, -7.6, 0.1, -0.8, -13, 11),
    (5850, 323, -19.8, -0.1, 21, 0.6, 7, -7.6, 0.5, -0.8, -13.5, 11.5),
    (5900, 327, -19.6, -0.1, 21.2, 0.6, 7, -7.7, 0.8, -0.8, -14, 12),
    (5950, 331, -19.6, -0.1, 21.4, 0.6, 7.5, -7.4, 0.8, -0.8, -13.5, 12.5),
    (6000, 335, -19.6, -0.1, 21.7, 0.6, 8, -7.1, 0.8, -0.8, -13, 13),
    (6050, 340, -19.5, -0.1, 22, 0.6, 7.7, -7.6, 0.8, -0.8, -13.5, 13),
    (6100, 344, -19.3, -0.1, 22.2, 0.7, 7.4, -8.1, 0.8, -0.8, -14, 13),
    (6150, 348, -19.2, -0.1, 22.4, 0.7, 7.6, -8.2, 0.8, -0.8, -14.5, 13.5),
    (6200, 353, -19.1, -0.1, 22.7, 0.7, 7.7, -8.3, 0.8, -0.8, -15, 14),
    (6250, 358, -19.1, -0.2, 23, 0.7, 8.2, -8, 0.8, -0.8, -14.5, 14),
    (6300, 362, -19.1, -0.2, 23.2, 0.7, 8.6, -7.8, 0.8, -0.8, -14, 14),
    (6350, 366, -19, -0.2, 23.4, 0.7, 8.4, -8.2, 0.8, -1.2, -15, 14),
    (6400, 371, -18.9, -0.1, 23.7, 0.7, 8.1, -8.7, 0.8, -1.5, -16, 14),
    (6450, 376, -18.9, -0.2, 24, 0.7, 8.6, -8.4, 1.2, -1.2, -15.5, 14.5),
    (6500, 381, -18.9, -0.2, 24.3, 0.7, 9.1, -8.2, 1.5, -0.8, -15, 15),
    (6550, 386, -18.8, -0.2, 24.6, 0.7, 9.2, -8.7, 1.5, -0.8, -15.5, 15.5),
    (6600, 391, -18.7, -0.2, 24.9, 0.7, 9.3, -9.2, 1.5, -0.8, -16, 16),
    (6650, 396, -18.8, -0.2, 25.2, 0.7, 9.4, -9.6, 1.2, -1.2, -16.5, 16),
    (6700, 401, -18.8, -0.2, 25.4, 0.7, 9.5, -10, 0.8, -1.5, -17, 16),
    (6750, 406, -18.8, -0.2, 25.7, 0.8, 9.8, -9.8, 1.2, -1.2, -17, 16.5),
    (6800, 411, -18.9, -0.2, 26, 0.8, 10, -9.7, 1.5, -0.8, -17, 17),
    (6850, 416, -19.2, -0.2, 26.3, 0.8, 10.5, -9.8, 1.5, -0.8, -17.5, 17),
    (6900, 422, -19.4, -0.3, 26.6, 0.8, 11, -9.9, 1.5, -0.8, -18, 17),
    (6950, 428, -19.3, -0.2, 26.9, 0.8, 10.5, -10.4, 1.2, -1.2, -18, 17),
    (7000, 433, -19.2, -0.2, 27.2, 0.8, 10, -11, 0.8, -1.5, -18, 17),
    (7050, 439, -19.1, -0.2, 27.6, 0.8, 10.5, -10.5, 1.1, -1.2, -18.5, 17.5),
    (7100, 445, -19, -0.2, 27.9, 0.8, 11, -10, 1.4, -0.8, -19, 18),
    (7150, 451, -19.2, -0.2, 28.2, 0.8, 11, -10.5, 1.1, -1.1, -19, 18),
    (7200, 457, -19.4, -0.3, 28.5, 0.8, 11, -11, 0.8, -1.4, -19, 18),
    (7250, 464, -19.3, -0.3, 28.8, 0.8, 11, -11.5, 0.8, -1.4, -19.5, 18.5),
    (7300, 471, -19.3, -0.3, 29.2, 0.9, 11, -12, 0.7, -1.4, -20, 19),
    (7350, 478, -19.7, -0.3, 29.6, 0.9, 12, -12, 1, -1, -20, 19),
    (7400, 485, -20.1, -0.3, 30, 0.9, 13, -12, 1.4, -0.7, -20, 19),
    (7450, 492, -20.2, -0.3, 30.4, 0.9, 12.5, -12.5, 1, -1, -20.5, 19.5),
    (7500, 499, -20.3, -0.3, 30.7, 0.9, 12, -13, 0.7, -1.4, -21, 20),
    (7550, 506, -20.6, -0.4, 31.1, 0.9, 12.5, -13, 0.7, -1.4, -21.5, 20),
    (7600, 514, -20.8, -0.4, 31.5, 0.9, 13, -13, 0.7, -1.4, -22, 20),
    (7650, 522, -21, -0.4, 32, 1, 13, -13.5, 0.7, -1.4, -22.5, 20),
    (7700, 531, -21.1, -0.4, 32.4, 1, 13, -14, 0.7, -1.3, -23, 20),
    (7750, 540, -21.9, -0.4, 32.8, 1, 13.5, -14, 0.7, -1.3, -23.5, 20.5),
    (7800, 549, -22.7, -0.5, 33.3, 1, 14, -14, 0.7, -1.3, -24, 21),
    (7850, 559, -23.2, -0.5, 33.8, 1, 14.5, -14.5, 0.7, -1.3, -24, 21.5),
    (7900, 569, -23.6, -0.5, 34.3, 1, 15, -15, 0.7, -1.3, -24, 22),
    (7950, 581, -25.4, -0.6, 34.9, 1, 15.5, -15, 1, -1, -24, 22.5),
    (8000, 593, -27.1, -0.7, 35.5, 1.1, 16, -15, 1.3, -0.7, -24, 23),
    (8050, 606, -28, -0.8, 36.2, 1.1, 16, -15, 1.2, -0.7, -24.5, 23.5),
    (8100, 620, -28.9, -0.8, 36.8, 1.1, 16, -15, 1.2, -0.7, -25, 24),
    (8150, 638, -32.6, -1, 37.7, 1.2, 16.5, -16, 1.2, -0.7, -25.5, 24.5),
    (8200, 657, -36.3, -1.1, 38.6, 1.2, 17, -17, 1.2, -0.7, -26, 25),
]

LOW 6 EXP
[
    (1900, 60, -53.6, -0.1, 4.9, 0.1, 0.4, -1.7, 0, -1.2, -1.9, 0.7),
    (1950, 62, -52.3, -0.1, 5, 0.2, 0.4, -1.7, 0, -1.2, -2, 0.8),
    (2000, 63, -50.9, -0.1, 5.1, 0.2, 0.5, -1.7, 0, -1.2, -2, 0.8),
    (2050, 65, -49.8, -0.1, 5.2, 0.2, 0.5, -1.7, 0, -1.2, -2, 0.8),
    (2100, 67, -48.7, -0.1, 5.4, 0.2, 0.6, -1.7, 0, -1.2, -2.1, 0.9),
    (2150, 68, -47.6, -0.1, 5.6, 0.2, 0.6, -1.8, 0, -1.2, -2.1, 0.9),
    (2200, 70, -46.5, -0.1, 5.7, 0.2, 0.6, -1.8, 0, -1.2, -2.1, 0.9),
    (2250, 72, -45.4, -0.1, 5.8, 0.2, 0.7, -1.8, 0, -1.2, -2.2, 1),
    (2300, 74, -44.3, -0.1, 6, 0.2, 0.7, -1.8, 0, -1.2, -2.2, 1),
    (2350, 76, -43.5, -0.1, 6.1, 0.2, 0.9, -1.6, 0.2, -1, -2.2, 1.4),
    (2400, 77, -42.7, -0.1, 6.3, 0.2, 1.1, -1.5, 0.4, -0.8, -2.3, 1.9),
    (2450, 79, -41.8, -0.1, 6.4, 0.2, 1.4, -1.3, 0.6, -0.6, -2.4, 2.3),
    (2500, 81, -41, -0.1, 6.5, 0.2, 1.6, -1.1, 0.8, -0.4, -2.4, 2.7),
    (2550, 82, -40.2, -0.1, 6.7, 0.2, 1.8, -1, 1, -0.2, -2.4, 3.2),
    (2600, 84, -39.4, -0.1, 6.8, 0.2, 2, -0.8, 1.2, 0, -2.5, 3.6),
    (2650, 86, -38.8, -0.1, 7, 0.2, 1.8, -1, 1, -0.2, -2.7, 3.4),
    (2700, 88, -38.1, -0.1, 7.1, 0.2, 1.7, -1.3, 0.8, -0.4, -3, 3.3),
    (2750, 90, -37.5, -0.1, 7.2, 0.2, 1.5, -1.5, 0.6, -0.6, -3.2, 3.2),
    (2800, 92, -36.9, -0.1, 7.4, 0.2, 1.3, -1.7, 0.4, -0.8, -3.4, 3),
    (2850, 94, -36.2, -0.1, 7.6, 0.2, 1.2, -2, 0.2, -1, -3.7, 2.8),
    (2900, 96, -35.6, -0.1, 7.7, 0.2, 1, -2.2, 0, -1.2, -3.9, 2.7),
    (2950, 98, -35, -0.1, 7.8, 0.2, 1, -2.2, 0, -1.2, -4, 2.8),
    (3000, 100, -34.4, -0.1, 8, 0.2, 1.1, -2.2, 0, -1.2, -4, 2.8),
    (3050, 101, -33.9, -0.1, 8.1, 0.2, 1.2, -2.3, 0, -1.2, -4, 2.8),
    (3100, 103, -33.3, -0.1, 8.2, 0.2, 1.2, -2.3, 0, -1.2, -4.1, 2.9),
    (3150, 105, -32.8, -0.1, 8.4, 0.2, 1.5, -2, 0.3, -0.9, -3.9, 3.2),
    (3200, 107, -32.2, -0.1, 8.6, 0.2, 1.8, -1.8, 0.6, -0.6, -3.6, 3.6),
    (3250, 109, -31.6, -0.1, 8.7, 0.3, 2.2, -1.5, 0.8, -0.3, -3.4, 4),
    (3300, 111, -31.1, -0.1, 8.9, 0.3, 2.5, -1.3, 1.1, 0, -3.2, 4.3),
    (3350, 113, -30.8, -0.1, 9, 0.3, 2, -1.9, 0.6, -0.6, -3.8, 3.8),
    (3400, 115, -30.4, -0.1, 9.2, 0.3, 1.4, -2.5, 0, -1.1, -4.5, 3.2),
    (3450, 117, -30, -0.1, 9.4, 0.3, 2, -2, 0.6, -0.6, -4.6, 4.4),
    (3500, 119, -29.6, -0.1, 9.5, 0.3, 2.6, -1.5, 1.1, 0, -4.6, 5.6),
    (3550, 121, -29.2, -0.1, 9.6, 0.3, 2.7, -1.6, 1.1, 0, -4.6, 5.6),
    (3600, 123, -28.8, -0.1, 9.8, 0.3, 2.7, -1.6, 1.1, 0, -4.7, 5.7),
    (3650, 124, -28.2, -0.1, 10, 0.3, 2.8, -1.6, 1.1, 0, -4.8, 5.8),
    (3700, 126, -27.5, -0.1, 10.1, 0.3, 2.8, -1.7, 1.1, 0, -4.8, 5.8),
    (3750, 128, -27.4, -0.1, 10.2, 0.3, 2.3, -2.3, 0.6, -0.6, -5.4, 5.3),
    (3800, 131, -27.3, -0.1, 10.4, 0.3, 1.8, -2.9, 0, -1.1, -6, 4.8),
    (3850, 133, -27, -0.1, 10.6, 0.3, 2.4, -2.4, 0.6, -0.6, -5.6, 5.4),
    (3900, 135, -26.6, -0.1, 10.7, 0.3, 3, -1.9, 1.1, 0, -5.1, 6),
    (3950, 137, -26.2, -0.1, 10.8, 0.3, 3, -2, 1.1, 0, -5.1, 6),
    (4000, 139, -25.9, -0.1, 11, 0.3, 3.1, -2, 1.1, 0, -5.2, 6.1),
    (4050, 141, -25.8, -0.1, 11.2, 0.3, 2.6, -2.6, 0.6, -0.6, -5.8, 5.6),
    (4100, 143, -25.6, -0.1, 11.3, 0.3, 2.1, -3.1, 0, -1.1, -6.4, 5.2),
    (4150, 145, -24.9, -0.1, 11.5, 0.3, 2.7, -2.7, 0.6, -0.6, -6.5, 6.3),
    (4200, 147, -24.3, -0.1, 11.7, 0.3, 3.3, -2.2, 1.1, 0, -6.6, 7.4),
    (4250, 150, -24.2, -0.1, 11.8, 0.4, 3.4, -2.2, 1.1, 0, -6.6, 7.4),
    (4300, 152, -24.2, -0.1, 12, 0.4, 3.4, -2.3, 1.1, 0, -6.7, 7.5),
    (4350, 154, -24, -0.1, 12.2, 0.4, 3, -2.9, 0.6, -0.6, -7.3, 7),
    (4400, 156, -23.8, -0.1, 12.3, 0.4, 2.5, -3.5, 0, -1.1, -7.9, 6.6),
    (4450, 158, -23.2, -0.1, 12.4, 0.4, 2.6, -3.6, 0, -1.1, -8, 6.7),
    (4500, 161, -22.6, -0.1, 12.6, 0.4, 2.6, -3.6, 0, -1.1, -8, 6.8),
    (4550, 163, -22.8, -0.1, 12.8, 0.4, 2.7, -3.6, 0, -1.1, -8.1, 6.8),
    (4600, 165, -22.9, -0.1, 12.9, 0.4, 2.7, -3.7, 0, -1.1, -8.2, 6.9),
    (4650, 167, -22.5, -0.1, 13.1, 0.4, 3.2, -3.8, 0.6, -0.6, -8.2, 7.5),
    (4700, 169, -22.1, -0.1, 13.3, 0.4, 3.8, -3.8, 1.1, 0, -8.3, 8.1),
    (4750, 172, -21.9, -0.1, 13.4, 0.4, 3.8, -3.8, 0.6, -0.6, -8.9, 8.2),
    (4800, 174, -21.7, -0.1, 13.6, 0.4, 3.9, -3.9, 0, -1.1, -9.5, 8.2),
    (4850, 176, -21.6, -0.1, 13.8, 0.4, 4.5, -4, 0.6, -0.6, -9, 8.8),
    (4900, 179, -21.5, -0.1, 14, 0.4, 5.1, -4, 1.1, 0, -8.6, 9.3),
    (4950, 181, -21.4, -0.1, 14.2, 0.4, 5.1, -4.1, 1, 0, -8.7, 9.4),
    (5000, 183, -21.3, -0.1, 14.3, 0.4, 5.2, -4.2, 1, 0, -8.8, 9.5),
    (5050, 186, -21, -0.1, 14.5, 0.4, 5.2, -4.2, 1, 0, -8.9, 9.6),
    (5100, 188, -20.7, -0.1, 14.7, 0.4, 5.3, -4.3, 1, 0, -8.9, 9.6),
    (5150, 190, -20.5, -0.1, 14.8, 0.4, 4.9, -4.8, 0.5, -0.5, -9.4, 9.2),
    (5200, 193, -20.3, -0.1, 15, 0.4, 4.5, -5.4, 0, -1, -10, 8.8),
    (5250, 196, -20.1, -0.1, 15.2, 0.4, 4.6, -5.4, 0, -1, -10.5, 9.4),
    (5300, 198, -19.9, -0.1, 15.3, 0.4, 4.6, -5.5, 0, -1, -11, 9.9),
    (5350, 200, -19.8, -0.1, 15.5, 0.4, 4.6, -5.6, 0, -1, -11, 10),
    (5400, 203, -19.8, -0.1, 15.7, 0.5, 4.7, -5.7, 0, -1, -11, 10),
    (5450, 205, -19.6, -0.1, 15.9, 0.5, 5.2, -5.2, 0.5, -0.5, -11, 10.5),
    (5500, 207, -19.5, -0.1, 16.1, 0.5, 5.8, -4.8, 1, 0, -11, 11),
    (5550, 210, -19.2, -0.1, 16.2, 0.5, 5.4, -5.4, 0.5, -0.5, -11.5, 10.5),
    (5600, 212, -18.9, -0.1, 16.4, 0.5, 5, -5.9, 0, -1, -12, 10),
    (5650, 214, -18.8, -0.1, 16.6, 0.5, 5.1, -6, 0, -1, -12.5, 10.5),
    (5700, 217, -18.8, -0.1, 16.8, 0.5, 5.2, -6, 0, -1, -13, 11),
    (5750, 220, -18.6, -0.1, 17, 0.5, 5.2, -6.1, 0, -1, -13, 11.5),
    (5800, 223, -18.5, -0.1, 17.2, 0.5, 5.3, -6.2, 0.1, -1, -13, 12),
    (5850, 226, -18.4, -0.1, 17.4, 0.5, 5.4, -6.2, 0.1, -1, -13, 12),
    (5900, 228, -18.2, -0.1, 17.5, 0.5, 5.5, -6.3, 0.1, -1, -13, 12),
    (5950, 230, -18, -0.1, 17.7, 0.5, 5.6, -6.4, 0.1, -1, -13, 12),
    (6000, 233, -17.9, -0.1, 17.9, 0.5, 5.6, -6.5, 0.1, -1, -13, 12),
    (6050, 236, -17.9, -0.1, 18.1, 0.5, 5.7, -6.6, 0.1, -1, -13.5, 12.5),
    (6100, 239, -17.9, -0.1, 18.3, 0.5, 5.8, -6.6, 0.1, -1, -14, 13),
    (6150, 242, -17.8, -0.1, 18.5, 0.5, 5.9, -6.7, 0.1, -1, -14.5, 13),
    (6200, 244, -17.6, -0.1, 18.7, 0.5, 6, -6.8, 0.1, -1, -15, 13),
    (6250, 247, -17.6, -0.1, 18.9, 0.6, 6, -6.9, 0.1, -1, -15, 13),
    (6300, 250, -17.6, -0.1, 19.1, 0.6, 6.1, -7, 0.1, -1, -15, 13),
    (6350, 252, -17.5, -0.1, 19.3, 0.6, 6.2, -7, 0.1, -1, -15.5, 13),
    (6400, 255, -17.4, -0.1, 19.5, 0.6, 6.3, -7.1, 0.1, -1, -16, 13),
    (6450, 258, -17.2, -0.1, 19.7, 0.6, 6.8, -7.2, 0.6, -0.5, -15.5, 14),
    (6500, 261, -16.9, -0.1, 19.9, 0.6, 7.4, -7.3, 1, -0.1, -15, 15),
    (6550, 264, -16.9, -0.1, 20.1, 0.6, 7.9, -7.4, 1, -0.1, -15, 15.5),
    (6600, 267, -16.9, -0.1, 20.3, 0.6, 8.4, -7.5, 1, -0.1, -15, 16),
    (6650, 270, -16.8, -0.1, 20.5, 0.6, 8, -8, 0.5, -0.6, -15.5, 15.5),
    (6700, 273, -16.7, -0.1, 20.7, 0.6, 7.7, -8.5, 0.1, -1, -16, 15),
    (6750, 276, -16.7, -0.1, 20.9, 0.6, 8.2, -8.2, 0.5, -0.5, -16.5, 16),
    (6800, 279, -16.7, -0.1, 21.1, 0.6, 8.8, -7.8, 0.9, -0.1, -17, 17),
    (6850, 282, -16.5, -0.1, 21.3, 0.6, 8.9, -7.9, 0.9, -0.1, -17, 17),
    (6900, 285, -16.3, -0.1, 21.5, 0.6, 9, -8, 0.9, -0.1, -17, 17),
    (6950, 288, -16.3, -0.1, 21.7, 0.6, 8.6, -8.6, 0.9, -0.5, -17.5, 16.5),
    (7000, 292, -16.3, -0.1, 21.9, 0.6, 8.3, -9.1, 0.9, -0.9, -18, 16),
    (7050, 295, -16.2, -0.1, 22.2, 0.6, 8.8, -8.8, 0.9, -0.9, -18, 17),
    (7100, 298, -16.1, -0.1, 22.4, 0.6, 9.3, -8.4, 0.9, -0.9, -18, 18),
    (7150, 301, -16.2, -0.1, 22.6, 0.6, 9.4, -8.5, 0.9, -0.9, -18, 18),
    (7200, 304, -16.2, -0.1, 22.8, 0.7, 9.5, -8.6, 0.9, -0.9, -18, 18),
    (7250, 308, -16, -0.1, 23, 0.7, 9.2, -9.1, 0.9, -0.9, -19, 18),
    (7300, 311, -15.7, -0.1, 23.2, 0.7, 8.9, -9.6, 0.9, -0.9, -20, 18),
    (7350, 314, -15.8, -0.1, 23.4, 0.7, 9, -9.7, 0.9, -0.9, -20, 18.5),
    (7400, 318, -15.8, -0.1, 23.7, 0.7, 9.1, -9.8, 0.9, -0.9, -20, 19),
    (7450, 322, -15.7, -0.1, 23.9, 0.7, 9.2, -9.9, 0.9, -0.9, -20, 19),
    (7500, 325, -15.6, -0.1, 24.1, 0.7, 9.3, -10, 0.9, -0.9, -20, 19),
    (7550, 328, -15.4, -0.1, 24.4, 0.7, 9.4, -10, 0.9, -1.3, -21, 19),
    (7600, 331, -15.2, -0.1, 24.6, 0.7, 9.5, -10, 0.9, -1.7, -22, 19),
    (7650, 335, -15.2, -0.1, 24.8, 0.7, 10.2, -10, 1.3, -1.3, -21.5, 20),
    (7700, 339, -15.3, -0.1, 25.1, 0.7, 11, -10, 1.7, -0.9, -21, 21),
    (7750, 342, -15.4, -0.2, 25.4, 0.7, 11, -11, 1.3, -1.3, -22, 20.5),
    (7800, 346, -15.6, -0.2, 25.6, 0.7, 11, -12, 0.9, -1.7, -23, 20),
    (7850, 350, -15.4, -0.2, 25.8, 0.8, 11.5, -11.5, 1.3, -1.3, -22.5, 21),
    (7900, 354, -15.2, -0.1, 26.1, 0.8, 12, -11, 1.7, -0.9, -22, 22),
    (7950, 358, -15.2, -0.2, 26.4, 0.8, 11.5, -11.5, 1.3, -1.3, -23, 21.5),
    (8000, 361, -15.3, -0.2, 26.6, 0.8, 11, -12, 0.9, -1.7, -24, 21),
    (8050, 365, -15.2, -0.2, 26.8, 0.8, 11.5, -11.5, 1.3, -1.3, -23.5, 22),
    (8100, 369, -15.2, -0.2, 27.1, 0.8, 12, -11, 1.7, -0.9, -23, 23),
    (8150, 373, -15.1, -0.2, 27.4, 0.8, 12, -11.5, 1.3, -1.3, -24, 22.5),
    (8200, 377, -15, -0.2, 27.6, 0.8, 12, -12, 0.9, -1.7, -25, 22),
    (8250, 382, -15.1, -0.2, 27.8, 0.8, 12, -12.5, 0.9, -1.6, -25, 22.5),
    (8300, 386, -15.2, -0.2, 28.1, 0.8, 12, -13, 0.9, -1.6, -25, 23),
    (8350, 390, -15.2, -0.2, 28.4, 0.8, 12.5, -12.5, 1.2, -1.2, -25, 23.5),
    (8400, 394, -15.3, -0.2, 28.7, 0.8, 13, -12, 1.6, -0.9, -25, 24),
    (8450, 398, -15.2, -0.2, 29, 0.8, 13, -12.5, 1.2, -1.2, -25.5, 24),
    (8500, 403, -15.2, -0.2, 29.2, 0.8, 13, -13, 0.9, -1.6, -26, 24),
    (8550, 408, -15.2, -0.2, 29.5, 0.8, 13.5, -13, 1.2, -1.2, -26.5, 24.5),
    (8600, 412, -15.1, -0.2, 29.8, 0.9, 14, -13, 1.6, -0.9, -27, 25),
    (8650, 417, -15.3, -0.2, 30.1, 0.9, 14.5, -13.5, 1.6, -0.8, -27, 25.5),
    (8700, 422, -15.5, -0.2, 30.4, 0.9, 15, -14, 1.6, -0.8, -27, 26),
    (8750, 426, -15.4, -0.2, 30.7, 0.9, 14.5, -14.5, 1.2, -1.2, -27.5, 26),
    (8800, 431, -15.4, -0.2, 31, 0.9, 14, -15, 0.8, -1.6, -28, 26),
    (8850, 436, -15.5, -0.2, 31.3, 0.9, 14, -15, 0.8, -1.6, -28.5, 26),
    (8900, 442, -15.6, -0.2, 31.6, 0.9, 14, -15, 0.8, -1.6, -29, 26),
    (8950, 447, -15.6, -0.2, 31.9, 0.9, 14.5, -15, 0.8, -1.6, -29.5, 26.5),
    (9000, 452, -15.7, -0.2, 32.2, 0.9, 15, -15, 0.8, -1.5, -30, 27),
    (9050, 458, -15.8, -0.2, 32.6, 1, 15, -15.5, 0.8, -1.5, -30, 27),
    (9100, 463, -15.9, -0.3, 32.9, 1, 15, -16, 0.8, -1.5, -30, 27),
    (9150, 469, -15.8, -0.3, 33.2, 1, 15, -16, 0.8, -1.5, -30.5, 27.5),
    (9200, 475, -15.8, -0.3, 33.6, 1, 15, -16, 0.8, -1.5, -31, 28),
    (9250, 481, -16, -0.3, 34, 1, 15.5, -16.5, 0.8, -1.5, -31, 28.5),
    (9300, 487, -16.3, -0.3, 34.3, 1, 16, -17, 0.8, -1.5, -31, 29),
    (9350, 494, -16.5, -0.3, 34.7, 1, 16.5, -17, 0.8, -1.5, -31.5, 29),
    (9400, 500, -16.6, -0.3, 35.1, 1, 17, -17, 0.8, -1.5, -32, 29),
    (9450, 507, -16.7, -0.3, 35.5, 1, 17, -17.5, 0.8, -1.5, -32.5, 29.5),
    (9500, 514, -16.8, -0.3, 35.9, 1, 17, -18, 0.8, -1.5, -33, 30),
    (9550, 522, -17.4, -0.4, 36.3, 1, 17.5, -17.5, 1.1, -1.2, -33, 30.5),
    (9600, 529, -17.9, -0.4, 36.8, 1.1, 18, -17, 1.4, -0.8, -33, 31),
    (9650, 537, -18.5, -0.4, 37.2, 1.1, 18.5, -17.5, 1.4, -0.8, -33.5, 31.5),
    (9700, 545, -19.1, -0.5, 37.7, 1.1, 19, -18, 1.4, -0.8, -34, 32),
    (9750, 554, -19.6, -0.5, 38.2, 1.1, 19.5, -18.5, 1.4, -0.8, -34.5, 32.5),
    (9800, 563, -20, -0.5, 38.7, 1.1, 20, -19, 1.4, -0.8, -35, 33),
    (9850, 573, -20.4, -0.6, 39.2, 1.2, 20, -19.5, 1.4, -0.8, -35.5, 33),
    (9900, 583, -20.9, -0.6, 39.8, 1.2, 20, -20, 1.4, -0.8, -36, 33),
    (9950, 594, -22, -0.6, 40.4, 1.2, 20, -20.5, 1, -1, -36.5, 33),
    (10000, 606, -23.2, -0.7, 41, 1.2, 20, -21, 0.7, -1.3, -37, 33),
    (10050, 621, -25.8, -0.8, 41.8, 1.2, 21, -21, 0.7, -1.3, -38, 34),
    (10100, 636, -28.4, -1, 42.6, 1.3, 22, -21, 0.7, -1.3, -39, 35),
    (10150, 660, -36.2, -1.4, 43.8, 1.4, 22.5, -22, 0.7, -1.2, -39.5, 35.5),
    (10200, 684, -44, -1.7, 45.1, 1.4, 23, -23, 0.7, -1.2, -40, 36),
]
